v3.0 hex words plain
400020 180080 000001 000001 000001 000001 000001 000001
400020 180080 440000 120000 000001 000001 000001 000001
400020 180080 440000 108000 022800 000001 000001 000001
400020 180080 440000 108000 023800 000001 000001 000001
400020 180080 440000 210000 000001 000001 000001 000001
400020 180080 060000 000001 000001 000001 000001 000001
400020 180080 040040 000001 000001 000001 000001 000001
400020 180080 000010 000001 000001 000001 000001 000001
400020 180080 000008 000001 000001 000001 000001 000001
400020 180080 000001 000001 000001 000001 000001 000001
400020 180080 000001 000001 000001 000001 000001 000001
400020 180080 000001 000001 000001 000001 000001 000001
400020 180080 000001 000001 000001 000001 000001 000001
400020 180080 000200 000001 000001 000001 000001 000001
400020 180080 010400 000001 000001 000001 000001 000001
400020 180080 800000 000001 000001 000001 000001 000001
